52.9689
55.5062
55.2975
55.1633
55.3128
55.5062
55.3894
55.3587
55.2242
55.4139
55.2334
54.2947
53.4988
55.1542
55.9097
55.4816
55.2975
55.2395
55.273
55.5185
55.3894
55.0176
53.0729
55.6793
55.9942
55.6143
55.212
55.3036
55.2669
55.2761
55.2181
55.3771
55.063
54.0394
55.7134
56.1451
56.013
55.46
55.4354
55.2608
55.212
55.3006
55.7693
55.2944
54.8878
54.5584
55.6576
55.8285
55.7476
55.1329
55.3097
55.1846
55.2883
55.2425
55.2792
55.0449
54.1682
54.6896
55.7383
56.1608
55.5247
55.1298
55.2608
53.4902
54.1653
55.3557
54.9843
54.1888
55.6421
55.4109
55.6514
55.7631
55.3036
55.322
55.2853
55.2242
55.3036
55.4293
54.2094
55.4385
55.8878
55.6514
55.6483
55.6855
52.8513
53.4845
54.6448
55.5278
55.2212
53.2992
56.0193
55.7693
55.9347
55.639
55.4939
55.2883
55.4416
55.5494
55.4693
55.6143
55.6886
54.8095
53.2935
54.1301
54.7405
54.407
54.4455
54.606
54.7375
55.3771
54.0219
55.5031
56.3571
55.6081
55.869
55.9848
55.8036
55.6266
55.8878
55.6762
55.7662
55.3036
54.9934
54.404
56.2746
55.5155
53.5619
55.8971
55.2822
55.2059
55.273
55.2395
55.3159
54.9904
54.3626
55.7631
53.2879
55.4047
55.1694
55.2181
55.0903
55.5895
55.4262
55.571
51.5225
53.1632
55.5247
55.6174
55.5988
55.3679
55.4017
55.2212
55.3465
55.2303
55.0873
53.9084
55.7973
55.9222
55.6421
55.5864
55.7414
55.7289
55.841
55.457
55.3894
55.4847
55.1633
54.2388
55.3006
55.8659
53.0223
53.5762
53.3561
53.8387
54.0541
54.019
53.3589
54.7465
55.1055
55.2303
55.2212
55.4939
55.7538
55.3955
55.2853
55.2578
55.0903
54.1712
55.2669
55.6359
55.8815
55.5001
55.5679
55.2547
55.1694
55.2547
55.1694
55.6081
53.5303