58.7959
58.924
58.9623
59.0423
59.0598
59.0982
59.1017
59.1681
59.1786
59.2031
59.3718
59.3225
59.1961
59.2066
59.3472
59.3401
59.3366
59.1471
59.0772
58.9657
58.9345
59.1751
59.3507
58.924
59.2277
59.1856
59.1926
59.2909
59.2101
59.2207
59.3049
59.3718
59.3824
59.499
59.4001
59.3331
59.4106
59.3613
59.3542
59.2452
59.2171
59.2101
59.2031
59.2066
59.2101
59.2031
59.2031
59.1961
59.2066
59.1856
59.1961
59.2031
59.2101
59.2031
59.4283
59.1611
59.2031
59.1891
59.2101
59.2066
59.2101
59.2101
59.2066
59.3155
59.2207
59.1891
59.2136
59.2031
59.2066
59.2101
59.2101
59.1996
59.1996
59.3085
59.2487
59.2031
59.2031
59.2031
59.1856
59.1961
59.2839
59.4566
59.2452
59.1366
59.0702
58.7889
58.8998
59.3789
59.3437
59.3296
59.3014
59.3401
59.4106
59.2944
59.3965
59.4106
59.2663
59.3859
59.3014
59.3331
59.2768
59.2909
59.3507
59.3507
59.3859
59.2452
59.2171
59.1856
59.2066
59.1996
59.2101
59.2031
59.1331
59.1961
59.2031
59.1996
59.2031
59.2031
59.1926
59.1996
59.2031
59.2031
59.1961
59.1996
59.2031
59.1891
59.1996
59.2031
59.2031
59.1961
59.2101
59.2031
59.2874
59.2136
59.2066
59.2031
59.2101
59.1996
59.2031
59.1541
58.9762
59.0458
59.2031
59.1926
59.1961
59.1751
59.4177
59.2066
58.9171
58.9136
58.8859
58.9136
59.3014
59.3542
59.3507
59.0005
59.0354
59.0284
59.0702
59.0982
59.3014
59.3331
59.2593
59.3437
59.3542
59.3225
59.3648
59.2382
59.3261
59.2452
59.2066
59.2066
59.2101
59.1961
59.1996
59.2031
59.2101
59.1961
59.2136
59.1926
59.2171
59.1506
58.9588
59.0319
59.3225
59.1786
59.1996
59.1996
59.2031
59.1996
59.2031
59.1961
59.2031
59.1996
59.2944
59.2839
59.2066
59.2031
59.1961