34.4947
35.823
37.9651
31.9051
28.3632
29.9643
30.9473
29.7637
30.6786
30.953
27.1069
31.6656
30.0879
30.6429
28.7646
31.5447
29.5465
27.8443
36.6421
38.5089
35.3407
30.6026
30.7305
29.2423
30.3905
29.4794
28.8268
31.3058
29.5832
30.1296
30.4155
31.4842
27.0146
36.503
33.4504
36.9508
32.6179
30.8775
29.6068
30.582
30.8632
27.7131
31.1507
30.2939
29.3824
30.3887
31.1692
29.1639
29.8196
29.976
29.4898
29.8285
31.8664
29.2321
30.3361
30.1123
27.4755
32.3541
30.1332
30.5483
29.146
30.3804
29.7062
29.7965
31.5249
29.1486
28.9427
31.9693
28.7861
31.1721
30.1796
29.7743
29.3832
30.5194
29.7106
30.2489
31.0501
28.5437
30.0427
31.0222
28.8425
30.6993
30.6617
29.1409
30.8976
29.693
27.5285
28.9679
35.6964
35.8141
17.264
37.3427
17.7113
37.0357
35.4108
37.5545
29.649
36.5337
36.4538
37.0192
26.8204
35.8938
24.937
35.397
28.525
37.5235
25.2864
36.9058
39.6024
30.3104
37.4322
18.2289
36.5979
34.6945
37.3874
29.4412
36.3478
17.9808
35.7207
35.3744
36.827
31.0684
35.322
38.1025
21.937
27.8474
35.7999
27.1732
35.2734
35.4849
39.0198
28.4908
35.6075
37.1913
37.8258
29.9904
29.31
30.2847
29.4664
30.7664
27.5581
35.0816
35.7795
37.3343
30.9444
35.6964
35.8616
38.6414
30.0996
30.3601
29.9706
29.3858
29.6419
31.211
28.9746
30.738
29.1792
31.4446
28.3986
32.4855
28.6008
30.4303
29.769
29.3247
26.1629
21.8503
34.3395
36.6959
23.5095
36.0205
34.5805
37.2079
30.0012
30.2288
30.8433
29.3083
29.2697
31.8218
29.1749
28.9931
31.5408
28.6525
30.2755
32.0698
28.9218
30.3361
30.1132
29.6534
28.9201
31.7339
28.6977
31.4406
29.6454
29.8036
29.1775
32.4897
26.0811
33.9363
29.8151