4.88503
4.89524
4.89065
4.98144
4.77156
4.1734
3.97177
4.61159
4.70174
4.72798
4.63201
4.79067
4.92363
4.92281
4.64896
4.84297
4.7457
4.76227
4.64613
4.83169
4.61274
4.75588
4.73095
4.67139
4.63794
4.81348
4.56138
4.95668
4.99995
5.05495
5.09887
5.14332
5.15996
4.31565
4.69151
4.65966
4.47758
4.52495
4.79223
4.89464
4.94974
4.93815
4.87142
4.85968
4.8645
4.74606
5.02927
4.8297
4.87375
4.95187
4.8531
4.94469
4.89172
4.85074
4.95307
4.67392
4.95201
4.87211
4.86675
4.95658
4.9477
4.92068
4.77632
4.92259
4.70243
4.95516
4.90057
4.90607
4.87791
4.92837
4.93284
4.86119
4.94396
4.92012
4.80455
4.84175
4.92383
4.90215
4.83353
4.99433
4.8689
4.85522
4.92373
4.81533
4.75891
4.87299
4.82009
4.95327
4.90966
4.90957
4.92383
4.8821
4.92936
4.91553
4.71387
4.91833
4.884
4.90174
4.63446
4.87643
4.91053
4.80252
4.90357
4.60054
4.89289
4.97763
4.92795
4.90412
4.95727
4.90663
4.85904
4.9101
4.88055
4.61291
4.88169
4.85722
4.94264
4.8055
4.91773
4.94871
4.93257
4.92684
4.85883
4.90143
4.84964
4.86528
4.91836
4.9324
4.86464
4.94675
4.94802
4.9332
4.87605
4.71647
4.83332
4.92557
4.93652
4.92288
4.94787
4.79311
4.86971
4.86973
4.71756
4.94059
4.91867
4.84611
4.87066
4.79189
4.99353
4.89019
4.9048
4.94213
4.68632
4.99688
4.94988
4.68288
4.98681
4.88974
4.82025
4.88976
4.98134
4.94269
4.91234
4.92262
4.86265
4.88751
4.85321
4.92752
4.88572
4.80628
4.6892
4.89165
4.75613
4.91707
4.84074
4.93708
4.85501
4.86034
4.96285
4.87151
4.92029
4.6637
4.70644
4.9086
4.8761
4.93082
4.99633
4.9844
4.95606
4.82551
4.88515
4.65125
4.95469
4.95086
4.80093
4.96066
4.92504
4.88775
4.96825