49.4022
49.9476
50.449
50.3854
48.0515
50.0225
49.3486
50.3499
49.7711
47.4496
50.6611
48.7781
49.4315
47.9409
49.0942
45.4318
50.4999
48.3209
49.1811
49.7067
50.3119
50.02
47.7829
49.3925
49.4389
50.3804
48.7116
49.645
44.5613
49.0725
49.4951
47.7259
49.9825
50.8725
50.4032
48.8878
49.6697
49.3218
50.5229
49.975
44.5951
49.2271
43.6034
46.6614
49.2344
49.5663
50.2285
49.7488
47.9939
48.3887
49.5909
50.1882
49.4486
48.4379
48.9788
49.5074
49.2053
48.2323
50.7202
50.1681
50.5536
48.7591
48.2928
48.3629
49.2708
50.1077
47.3216
49.965
49.0677
50.3499
49.1111
48.6334
49.9151
50.0501
50.4515
48.1928
49.9201
49.5172
50.2185
50.3753
47.9869
50.6098
50.1731
49.955
49.724
46.594
49.6081
50.2588
50.1958
48.3068
48.7163
48.5366
50.5868
48.938
47.4654
47.934
49.7711
50.1379
47.8286
50.7074
50.0952
50.5255
45.7206
48.0307
48.5508
50.3018
50.1907
48.1835
49.3243
49.2781
50.2968
49.2902
48.4473
44.0393
50.317
49.0942
48.4215
49.0461
50.2715
49.8355
49.0196
49.724
49.128
50.3905
49.0509
47.5556
48.1858
49.6944
50.4847
48.7543
49.8878
49.6623
50.5051
50.2892
48.151
49.4291
46.4598
50.4668
44.6309
49.0076
48.8019
50.01
48.5979
49.8679
48.8615
49.1715
46.8933
49.4511
49.0412
50.4541
49.6032
45.4525
48.0631
43.9348
48.377
49.6944
47.7555
50.0325
49.1497
48.3699
49.4193
49.8157
50.1882
48.84
49.4903
48.5932
49.3974
50.3347
48.5131
49.39
50.035
50.3398
50.0826
47.957
49.3462
49.6253
50.3449
49.0052
50.221
47.9294
49.1256
50.1228
48.5861
49.2684
49.9301
49.2708
48.8663
49.7166
48.5272
49.6894
50.3474
48.8091
49.0533
49.5516
49.8455
49.2829
48.2416
50.1203
49.5099