58.7993
59.0528
58.8408
58.7475
58.8028
59.0458
59.1961
58.9623
59.2487
58.7889
59.1576
58.8235
59.0284
58.8547
58.9345
59.004
58.9727
59.0005
58.8998
59.0737
21.6901
58.7234
59.1017
58.7959
59.1436
58.7303
59.0877
58.8651
59.1121
59.0319
59.004
58.9901
58.8789
58.8963
58.7751
59.0214
59.0005
59.1121
59.1366
59.0005
58.9657
59.0284
59.1366
58.9067
58.9936
58.6786
58.6373
58.7337
58.9032
58.6132
58.9449
58.8166
58.9449
58.6476
58.9345
58.7337
58.5343
56.9606
58.5789
59.0319
58.7544
58.9102
58.5206
58.9518
59.0145
58.8028
58.8755
58.5823
58.931
59.1156
58.7337
59.1541
59.0145
58.4864
58.9936
59.1261
58.9797
58.9901
59.0702
59.0179
58.9762
58.8928
58.9692
58.9623
58.8963
58.8374
58.6854
59.0493
58.8235
58.9692
58.827
58.9067
58.5377
58.9379
58.4864
58.9206
58.6166
58.9032
58.7993
58.8859
58.8893
58.8893
58.8062
58.4283
58.2954
58.1971
58.0889
58.8651
59.0075
59.0842
58.7717
59.0354
58.5995
59.0005
59.004
59.0912
58.8998
57.9845
58.7855
58.9797
59.0493
58.8998
59.0179
58.9484
58.8132
58.8755
58.9206
59.1086
59.1506
58.924
59.0214
58.713
58.6579
58.8339
58.872
58.8824
58.8374
58.7959
58.9901
58.8166
59.0284
59.0179
59.1226
59.1121
58.8928
58.7303
58.7959
58.9484
58.8062
58.782
58.8097
58.7924
58.5001
58.0956
58.3567
58.3635
57.9509
58.5309
58.9901
59.0423
58.8859
59.1017
58.8582
59.0493
59.0877
59.0458
59.1541
58.9971
59.0249
59.1331
58.9345
58.9102
59.0354
59.1086
59.1086
59.0284
58.9692
58.9692
58.8824
58.9136
59.0493
59.011
58.9692
59.0145
59.0493
59.1156
59.1226
59.0354
59.0249
59.0005
58.9657
59.0877
59.0005
58.6441
58.8097
58.9171
58.9484
58.9206
59.0319