1.21847
1.22887
1.22015
1.2278
1.23675
1.21531
1.23274
1.23038
1.21185
1.2233
1.22517
1.21636
1.23191
1.21977
1.21148
1.21755
1.22227
1.22073
1.21637
1.22883
1.21135
1.21695
1.22788
1.22247
1.22639
1.21519
1.23762
1.21602
1.24234
1.22012
1.22576
1.20954
1.20565
1.23018
1.22487
1.20838
1.21631
1.21568
1.23276
1.01493
1.10315
1.21707
1.20998
1.2135
1.20913
1.23135
1.2045
1.1886
1.0395
1.13758
1.23093
1.21555
1.2235
1.21745
1.21187
1.22696
1.19816
1.02377
1.13156
1.2096
1.20759
1.21114
1.21602
1.21264
1.03885
1.10945
1.21961
1.225
1.21894
1.21464
1.2167
1.23002
1.2209
1.2349
1.22954
1.21789
1.22079
1.20921
1.23239
1.23659
1.19919
1.23344
1.21916
1.21927
1.21537
1.19394
1.20365
1.21618
1.20503
1.21553
1.22107
1.22092
1.19381
1.22648
1.19964
1.22681
1.22616
1.21488
1.21262
1.2117
1.12527
1.01794
1.03573
1.01911
1.02746
1.17908
1.20559
1.21169
1.15849
1.01855
1.13436
1.20216
1.21241
1.22432
1.03998
1.0944
1.22639
1.20484
1.1954
1.2047
1.21897
1.04368
1.09165
1.21873
1.21971
1.22463
1.21919
1.2164
1.21977
1.21193
1.0331
1.10061
1.21466
1.22912
1.21157
1.22096
1.21389
1.19957
1.21452
1.03222
1.03939
1.01282
1.03485
1.08759
1.22539
1.22124
1.22247
1.22354
1.23074
1.23753
1.2224
1.0315
1.10311
1.23374
1.21974
1.21913
1.22834
1.19932
1.21753
1.20306
1.03607
1.01751
1.02028
1.2159
1.20134
1.038
1.12783
1.23005
1.21927
1.20513
1.16767
1.21352
1.21076
1.16707
1.20285
1.20452
1.18949
1.21086
1.19822
1.20245
1.21235
1.03501
1.06987
1.22821
1.21685
1.20249
1.21639
1.20235
1.03601
1.09088
1.21684
1.23431
1.2089
1.21409
1.21175
1.20487
1.1788
1.21726
1.21363