9.69077
10.3965
10.062
10.6873
10.3045
10.5511
9.9293
10.2428
10.0764
10.411
9.80825
10.5662
10.1744
10.5927
9.21956
9.63317
9.83072
10.1759
9.87703
10.0992
9.97924
10.2346
10.1807
10.1155
10.0442
10.2236
10.1599
10.8156
9.92881
9.92369
9.92497
10.5855
10.2694
10.2774
10.126
10.3112
9.51194
10.2965
10.2407
10.3233
9.8823
10.2576
10.2061
10.3548
10.1238
10.31
10.1499
10.5107
10.1666
10.2656
10.0669
10.1029
10.0573
10.2946
10.0899
10.0087
10.0229
10.3164
10.3935
9.82328
10.4164
9.35506
10.4526
10.0424
10.5237
9.96373
10.3358
10.0624
10.4394
9.84795
9.94589
10.3418
10.1131
9.79518
9.62371
10.2036
9.40867
9.86612
10.4618
9.43031
10.5607
9.27343
10.0594
10.246
9.99111
10.0741
10.2312
9.52898
10.0679
10.0131
10.1872
10.0176
10.1662
10.0508
10.4333
10.2266
10.3944
10.2856
10.4686
9.661
10.5053
9.67811
10.4476
9.87625
10.6572
9.70374
10.2682
9.37154
10.2367
9.82328
10.7991
9.38157
10.2888
9.9551
10.2837
9.92191
9.65093
10.0986
10.4963
10.2299
10.5734
10.1738
10.538
9.94481
9.81701
10.0789
10.211
10.1992
10.2115
10.119
10.5301
9.86242
10.2812
10.1154
10.4224
10.1862
10.233
9.62418
10.6789
9.88895
10.1506
10.1483
10.1473
9.98413
10.0837
10.0946
10.1845
10.1348
10.3407
10.719
9.58084
10.104
10.0701
9.75676
10.1062
9.78703
10.1766
9.46611
10.5637
9.80911
9.54809
10.0149
9.94402
10.2124
10.1927
10.0578
10.2534
10.2818
9.74982
10.0489
10.1198
10.0662
9.98821
9.95203
10.2444
10.0044
10.3479
9.80594
10.7181
9.96969
10.4586
9.96363
9.85824
10.1466
10.148
10.3166
10.1185
10.0365
10.1759
10.2554
10.045
9.94065
9.98602
9.98243
10.1899
9.84707
10.0035
9.56023
10.0814