29.5151
33.7678
34.2983
35.4862
34.0483
35.0766
35.256
35.3532
34.4887
34.8517
35.6405
33.7462
34.8105
35.877
35.1902
34.6933
35.1481
34.7524
34.2091
35.0435
35.2324
35.1741
34.6392
34.7222
35.7168
35.1444
34.4732
34.8493
34.6081
32.6797
32.9457
35.089
36.5537
34.382
33.0371
32.8396
35.6227
34.6584
34.4104
34.6669
36.4445
34.9846
34.5137
35.7449
33.9593
34.1565
34.5352
36.3848
33.9559
34.9443
35.2659
34.62
32.6115
35.2485
31.6016
35.657
35.0361
34.8566
33.1741
35.7258
32.8861
33.8432
34.1076
36.328
34.3454
34.478
35.1605
19.3065
33.8021
36.224
36.014
33.2369
35.21
35.1642
35.3344
36.2897
33.7781
34.7935
34.4329
36.4751
33.31
34.2044
34.7536
36.135
34.0983
30.0427
33.7758
36.3042
33.2469
33.2281
35.5088
36.4246
34.2126
33.8857
35.2995
35.9492
34.2818
34.2126
36.9317
34.4947
35.5151
35.0496
33.5897
33.4258
35.7641
35.2796
35.629
34.926
35.7181
34.5101
33.9466
34.4542
34.7331
35.9092
33.8535
34.5352
35.4874
33.0863
33.0819
33.8455
34.9504
36.0282
34.1822
35.524
32.2706
34.1577
33.5728
35.4045
34.3713
35.5682
34.6765
33.4146
35.5492
33.0437
28.1539
32.2706
34.4542
34.4863
33.583
35.9144
33.5053
33.695
35.4246
34.2759
33.9144
32.9946
35.2808
36.1899
33.3778
34.046
35.6913
33.4851
33.7918
34.6224
34.3595
36.0802
23.0118
33.8169
36.2884
35.0976
33.8972
34.6584
33.6927
33.6644
34.7078
36.6341
34.9321
33.4582
34.9675
34.7693
34.0321
33.8535
34.9406
36.2687
34.4163
31.8705
33.4795
36.0763
34.7874
34.1915
35.9984
34.8214
32.95
35.4108
33.9582
34.2243
33.5154
34.6164
36.2463
33.8364
34.3359
34.1553
35.8564
33.6349
32.8159
34.5375
34.1239
34.6344
34.031