57.6901
55.5586
57.7201
56.4207
57.2639
56.7891
57.1788
57.3
57.8168
57.6768
57.9139
57.2508
57.6602
57.277
57.8235
57.607
57.8871
57.4779
57.7201
57.4218
57.6502
55.571
56.3571
57.6004
57.2475
57.3822
57.3756
57.1265
57.6369
57.3691
57.5341
57.2869
57.6336
57.3197
57.7467
57.4086
57.5275
57.6103
57.8469
57.3263
57.5109
52.4082
57.0418
57.4812
54.612
55.4324
57.5805
56.8214
57.6801
56.3825
57.8168
57.1951
57.8838
56.9606
57.8001
56.9768
57.2279
57.0939
55.7414
56.7505
57.1919
56.9055
57.2443
57.3132
57.3362
57.3658
57.6336
57.7401
57.9341
57.8704
57.924
57.7267
57.9072
57.0353
57.8871
57.0646
57.4647
57.4779
55.2517
56.0947
57.205
57.1984
56.9476
56.5675
57.1004
57.2935
57.2312
57.617
57.5142
57.7234
57.7601
57.1527
57.1919
57.1592
57.2738
56.7472
56.9573
55.869
54.5167
56.9963
56.8408
56.6027
57.1265
57.169
57.402
56.4525
56.9509
57.1135
57.2705
56.9379
56.7022
57.1265
57.3954
57.0679
55.894
56.5068
56.7762
56.4239
57.1886
56.6476
57.6269
55.4662
57.3526
56.6508
56.9509
55.7911
56.4621
55.966
57.3954
56.9055
53.4845
56.1167
57.1527
55.605
55.9503
56.5163
57.5838
57.4053
57.7367
57.1984
57.6535
57.323
57.6535
57.3756
57.6635
56.7183
57.8168
56.0632
55.8503
56.1199
57.5772
57.2017
57.6136
57.4053
57.9005
57.346
57.7868
57.4713
57.6602
57.6834
57.9307
57.4449
57.6103
57.4845
57.3789
57.3033
57.4614
57.0483
55.76
56.9184
57.7034
57.5506
57.6037
57.5738
56.7376
56.8958
57.4713
57.1723
57.3954
57.5573
57.7267
57.6136
57.7634
57.4053
57.8202
57.3132
57.7434
57.4284
56.1608
55.7662
56.4207
57.2869
57.7401
57.6037
56.7312
57.8235
57.1461
57.6103
57.0516