58.8755
58.7372
59.0145
59.0877
59.1191
59.1506
59.1856
59.1996
59.2242
59.4849
59.4036
59.3542
59.3155
59.319
59.312
59.319
59.319
59.319
59.3085
59.4106
59.3155
59.3225
59.4955
59.3437
59.319
59.393
59.5096
59.5522
59.3331
59.3049
59.2663
59.1541
59.2031
59.1926
59.5061
59.4142
59.4707
59.3754
59.4849
59.5877
59.5132
59.3859
59.4354
59.4566
59.4672
59.4778
59.4707
59.4813
59.4742
59.5877
59.4919
59.3754
59.3401
59.4707
59.3542
59.3261
59.2909
59.3155
59.453
59.453
59.4884
59.4849
59.5026
59.4884
59.4919
59.4884
59.4849
59.3507
59.577
59.5203
59.5344
59.4919
59.3296
59.319
59.4849
59.499
59.4248
59.4636
59.4389
59.4248
59.4354
59.4601
59.4707
59.4354
59.4318
59.4318
59.4495
59.4742
59.4849
59.4884
59.4849
59.4919
59.4849
59.4884
59.4849
59.499
59.2312
59.2101
59.3754
59.2909
59.2557
59.2628
59.2768
59.2909
59.2979
59.3366
59.3225
59.3085
59.319
59.3754
59.1786
59.4001
59.2663
59.2803
59.2066
59.1856
59.1821
59.4142
59.4849
59.4566
59.4884
59.538
59.499
59.5415
59.5522
59.5451
59.5593
59.4672
59.577
59.4813
59.5628
59.5309
59.4495
59.5948
59.5026
59.3895
59.3261
59.4778
59.3261
59.2698
59.3366
59.319
59.3261
59.3085
59.4813
59.4955
59.4955
59.4919
59.4919
59.4884
59.4955
59.4849
59.4849
59.3542
59.319
59.3085
59.3085
59.4212
59.312
59.3155
59.2979
59.3296
59.312
59.3155
59.319
59.3049
59.319
59.312
59.312
59.3296
59.4672
59.4849
59.5557
59.4636
59.446
59.453
59.453
59.4283
59.3895
59.3437
59.3225
59.319
59.3155
59.3155
59.3296
59.3155
59.3225
59.3155
59.312
59.3296
59.2909
59.3789
59.4955
59.393
59.2452
59.1086
59.0528
59.0772
59.2839