53.3846
54.1155
56.3444
56.8602
57.5209
56.6636
56.9249
56.9184
57.0548
57.0907
57.0972
57.3855
57.1429
57.2181
57.3559
56.2366
56.8473
57.3723
57.8637
57.8469
57.5109
57.5109
57.6801
56.7505
56.4748
57.0776
57.1853
57.0679
57.1004
57.0874
57.0125
57.0125
56.7988
56.7569
55.8129
57.1037
57.107
57.8536
57.9878
57.6602
57.4251
57.1755
57.2377
57.2803
56.9995
57.169
57.1037
57.0907
57.0158
57.0093
57.0907
57.4086
57.1657
57.2377
56.1798
57.4449
57.5805
57.8235
58.0889
57.6136
57.6203
57.5142
57.4911
57.6834
57.1102
57.0581
57.0093
56.9671
56.9963
57.1102
57.1396
56.9833
57.0776
57.1298
56.0161
57.3
57.7001
57.8336
57.9106
57.4911
57.3756
57.2967
57.4845
57.277
57.3132
57.4317
57.4878
57.617
57.7501
57.5639
57.4119
57.5374
57.5308
57.554
57.1461
56.0224
57.1951
57.12
57.9374
57.9576
57.6768
57.3822
57.5738
57.1919
57.4911
57.4614
56.9541
56.993
57.0125
57.1037
57.0907
57.0093
57.1559
57.2541
57.241
55.9159
57.2082
57.1723
57.9408
57.8871
57.5209
57.4944
57.4251
57.4944
57.3954
56.8925
57.2344
57.0321
57.1657
57.0581
57.1102
57.0093
57.2443
57.4086
57.5971
56.0632
57.2705
57.7601
58.1091
58.0383
57.169
57.0907
57.9206
57.8771
57.8804
57.0874
57.4119
57.7501
57.4911
57.0874
57.2082
57.0158
57.019
57.0158
57.241
57.2246
55.7818
57.435
58.0552
58.0349
57.7167
56.2082
56.5931
56.699
56.9022
57.7001
57.1167
57.0581
57.107
57.3164
56.8569
57.3756
57.3197
57.1592
57.3855
56.0224
57.0972
57.0809
58.099
57.9374
57.6568
57.2902
57.2443
57.1396
57.0223
57.2115
57.6934
57.2508
56.9476
56.993
57.0125
57.0646
57.0939
57.3263
57.1984
56.0695
57.4185
57.7868
58.045