0.249583
0.229388
0.247265
0.234698
0.24765
0.228902
0.248408
0.221485
0.226113
0.23006
0.241899
0.22037
0.238345
0.238761
0.230537
0.216304
0.222207
0.206005
0.232108
0.249583
0.229388
0.247265
0.234698
0.24765
0.228902
0.248408
0.221485
0.226113
0.23006
0.241899
0.22037
0.238345
0.238761
0.230537
0.216304
0.222207
0.206005
0.232108
0.249583
0.229388
0.247265
0.234698
0.24765
0.228902
0.248408
0.221485
0.226113
0.23006
0.241899
0.22037
0.238345
0.238761
0.230537
0.216304
0.222207
0.206005
0.232108
0.249583
0.229388
0.247265
0.234698
0.24765
0.228902
0.248408
0.221485
0.226113
0.23006
0.241899
0.22037
0.238345
0.238761
0.230537
0.216304
0.222207
0.206005
0.232108
0.249583
0.229388
0.247265
0.234698
0.24765
0.228902
0.248408
0.221485
0.226113
0.23006
0.241899
0.22037
0.238345
0.238761
0.230537
0.216304
0.222207
0.206005
0.232108
0.249583
0.229388
0.247265
0.234698
0.24765
0.228902
0.248408
0.221485
0.226113
0.23006
0.241899
0.22037
0.238345
0.238761
0.230537
0.216304
0.222207
0.206005
0.232108
0.249583
0.229388
0.247265
0.234698
0.24765
0.228902
0.248408
0.221485
0.226113
0.23006
0.241899
0.22037
0.238345
0.238761
0.230537
0.216304
0.222207
0.206005
0.232108
0.249583
0.229388
0.247265
0.234698
0.24765
0.228902
0.248408
0.221485
0.226113
0.23006
0.241899
0.22037
0.238345
0.238761
0.230537
0.216304
0.222207
0.206005
0.232108
0.249583
0.229388
0.247265
0.234698
0.24765
0.228902
0.248408
0.221485
0.226113
0.23006
0.241899
0.22037
0.238345
0.238761
0.230537
0.216304
0.222207
0.206005
0.232108
0.249583
0.229388
0.247265
0.234698
0.24765
0.228902
0.248408
0.221485
0.226113
0.23006
0.241899
0.22037
0.238345
0.238761
0.230537
0.216304
0.222207
0.206005
0.232108
0.249583
0.229388
0.247265
0.234698
0.24765
0.228902
0.248408
0.221485
0.226113