2.16865
2.05494
2.07151
2.06127
2.1705
1.94998
2.14158
2.13467
2.06881
2.00222
2.08464
2.08913
2.04236
2.10126
2.09078
2.08801
2.02297
2.11306
2.08826
2.05202
2.11103
2.04149
2.04483
2.06511
2.05152
2.07962
2.11436
2.01167
2.09402
2.16997
1.99872
2.06389
2.00369
2.08782
2.01087
2.03661
2.05457
2.07854
1.99564
2.16874
2.07511
2.09975
1.98818
2.09966
1.99728
2.09523
2.09654
2.01009
2.13083
2.05186
2.09325
1.99368
2.13416
2.10347
2.0961
1.99848
2.13952
2.02469
2.13468
2.06847
2.17629
2.03778
2.09419
1.99072
2.12439
2.00542
2.12011
2.04234
2.03175
2.10833
2.17039
2.00846
2.06946
2.07191
2.04709
2.07593
2.05211
2.11442
2.05612
2.11577
2.05425
2.10534
2.05613
2.07821
2.01117
2.11725
2.10022
2.14416
2.0743
2.02154
2.08932
2.12476
2.05215
2.12055
2.05221
2.09254
2.00513
2.06714
2.05884
2.0821
2.07939
2.06277
2.17427
2.02995
2.0946
2.05057
2.09772
2.12924
2.04849
2.04282
2.12772
1.98119
2.11121
2.04824
2.00299
2.10027
2.00586
2.05921
2.10642
2.06062
2.04342
2.10268
2.09487
2.03465
2.12005
2.12103
2.16455
2.03293
2.03634
2.03412
2.05581
2.10853
2.13824
2.02464
2.0166
2.0434
2.01493
2.12093
2.09339
2.0747
2.13191
2.13677
2.04455
2.12081
2.04078
2.10528
2.00321
2.10567
2.11604
2.09739
1.90481
2.04341
2.09023
2.05497
2.00956
2.06116
2.08239
2.03897
2.06382
2.13704
2.09063
2.1239
2.07239
2.03782
2.02615
2.06405
2.02098
2.09307
2.05433
2.12143
2.05838
2.03612
1.9996
2.07658
2.12766
1.97574
2.07338
2.03149
2.01417
2.09868
2.07583
2.10389
2.12099
2.01136
2.12179
2.04257
2.09887
2.0056
2.16644
2.04269
1.99802
2.06695
2.06442
2.0914
2.08343
1.94673
2.02962
2.00266
2.10539