15.8331
15.5838
15.8043
16.4699
16.5695
16.0576
16.5226
16.0287
16.7098
16.506
16.3361
16.3797
16.544
15.2411
16.6016
16.744
16.5741
16.7384
16.6135
16.5188
16.0547
15.5572
16.0798
16.2689
16.3757
16.2185
16.765
16.6611
16.2425
16.4352
16.452
16.3857
16.7314
16.4669
15.6169
15.8411
16.6384
16.8022
16.9239
15.7117
16.5802
15.6902
16.3193
16.5945
16.452
16.314
15.805
16.5284
16.0686
16.1789
16.3351
16.3854
16.2861
16.2361
14.8052
16.1901
16.4989
15.8844
16.5273
15.9622
15.7911
16.2462
15.7906
16.5832
16.2975
16.072
16.2824
16.1598
16.1028
16.8999
15.8536
16.518
16.2356
16.6141
16.8296
16.5912
16.5934
16.4739
15.9132
16.5399
16.1595
16.6005
16.5412
16.3562
15.9388
15.6274
16.3196
14.7625
16.442
16.6834
16.401
16.0805
16.2398
16.589
15.823
16.4239
15.9018
15.9079
15.868
16.4117
16.2676
16.2885
16.4031
16.293
15.9686
16.2022
16.5177
15.9561
16.1935
16.2768
16.17
16.4433
16.3669
16.5237
16.3108
15.8363
16.2694
16.4096
16.2742
14.074
15.9368
16.6072
16.3883
16.2662
16.5541
16.193
16.5379
16.17
16.2718
16.4712
16.4401
16.3343
16.2768
16.4666
16.6234
16.5022
16.3655
16.2657
16.5276
16.2001
16.726
16.3511
16.7202
16.2227
16.4355
16.0663
15.9775
16.0241
16.415
16.5153
16.5128
16.5096
15.637
16.3287
16.5104
16.7012
16.0377
16.3167
16.0228
16.3615
16.0979
16.4101
16.4509
16.2559
16.2792
16.218
16.4093
16.204
16.5931
16.1674
16.6631
15.3931
16.3551
16.2821
16.3792
16.8248
15.3631
15.8793
16.334
16.4393
15.648
16.3175
15.7585
16.3583
14.771
16.1044
16.5125
15.9806
16.6875
15.9744
16.2033
16.629
14.3722
16.405
16.7873
16.4587
16.3556
16.5251
15.8894