48.3185
49.2417
48.499
52.0725
49.456
52.7343
50.2689
53.4788
52.7899
53.9811
53.118
51.3294
52.7593
53.3874
52.8569
53.3732
53.3077
53.801
50.7434
53.1632
52.4769
50.7537
53.4674
53.0026
52.9661
49.9925
51.7866
50.7382
52.8709
53.4817
53.1096
53.217
49.9625
49.9376
52.7899
53.9549
53.2708
53.7663
50.7743
53.2765
53.0617
53.2652
51.3848
53.5906
53.3447
51.878
51.9265
53.674
51.1378
54.1624
53.3134
53.8242
52.4769
51.2768
49.7983
53.5619
53.5131
53.7837
53.1971
53.135
50.9658
53.9374
52.7677
52.7287
52.9942
53.9957
53.0842
49.8058
51.3136
51.7224
52.8681
53.7837
53.5131
54.0336
48.377
51.5889
53.1321
52.2876
52.9998
53.674
51.1091
52.9465
53.1604
53.3874
52.1431
53.6308
53.0926
53.4674
50.02
53.0673
52.2057
53.7606
53.2226
53.9928
53.0729
50.4872
51.5783
53.888
52.5707
54.136
53.0532
53.5848
47.2545
52.6343
51.5198
53.4445
52.8625
53.7288
50.674
53.5361
52.3368
53.1491
52.8793
53.4616
53.0504
52.2958
50.4363
52.2411
52.4962
54.2918
53.1463
53.5074
49.3535
52.5569
52.6732
53.8938
53.0955
53.8213
52.9269
51.0256
52.5017
53.7606
42.5804
52.776
51.4509
51.2689
51.3479
53.5561
51.9481
53.6538
53.0898
51.2768
51.9615
52.6648
51.3822
52.9717
53.056
53.6021
48.852
52.8374
52.7009
52.4962
52.8039
53.042
52.5155
51.0908
53.4131
53.2425
53.2255
53.7895
52.8485
53.6136
50.6022
54.4336
51.6022
53.7953
53.4559
53.9957
51.9373
52.04
51.8618
53.4845
52.712
53.7201
53.4731
54.0541
52.6371
49.4682
52.2057
46.799
51.2453
52.4356
50.5663
53.83
51.3769
52.6843
52.8541
53.7519
53.3134
51.6022
53.0082
53.5906
52.8262
52.8877
52.3451
53.3846
50.5076
52.2766
52.9745